What SIDE_LEN should the (sqr) array have? (MAX_SIDE_LEN is 1024)
16
Thank you for your input! Using SIDE_LEN=16.
Input array has 16 rows and 16 cols:
0,0,1,2,0,3,3,3,0,0,1,2,1,3,1,2,
1,0,2,1,1,4,3,0,1,0,1,3,1,0,4,3,
2,1,2,1,0,3,0,5,0,1,1,0,0,2,4,4,
3,0,2,2,1,4,3,3,1,0,2,1,0,0,2,1,
4,0,2,2,0,1,2,5,1,0,1,1,1,2,1,4,
5,1,0,0,2,1,1,5,1,2,0,2,2,0,4,2,
6,0,0,0,1,0,2,3,1,0,2,3,2,0,1,0,
7,0,1,3,0,2,2,4,0,2,1,2,0,1,0,1,
8,1,1,1,0,1,3,3,1,1,2,2,0,1,1,4,
9,2,0,1,2,1,0,4,0,1,1,2,3,3,0,2,
10,1,1,0,0,2,1,4,1,2,0,1,1,4,1,2,
11,0,1,0,0,1,3,1,1,1,0,0,1,3,4,4,
12,1,1,2,3,3,4,1,0,2,0,1,2,1,3,4,
13,1,0,2,0,0,3,0,0,1,0,0,1,2,1,4,
14,0,2,1,1,3,4,4,1,2,0,0,1,2,4,5,
15,1,2,2,1,2,0,3,1,0,1,0,2,3,4,0,
Using 15 leaves.
Now we put 'Humpty' together again.
Processed array has 16 rows and 16 cols:
0,0,1,1,0,1,1,1,0,0,1,1,1,1,1,1,
1,0,1,1,1,1,1,0,1,0,1,1,1,0,1,1,
1,1,1,1,0,1,0,1,0,1,1,0,0,1,1,1,
1,0,1,1,1,1,1,1,1,0,1,1,0,0,1,1,
1,0,1,1,0,1,1,1,1,0,1,1,1,1,1,1,
1,1,0,0,1,1,1,1,1,1,0,1,1,0,1,1,
1,0,0,0,1,0,1,1,1,0,1,1,1,0,1,0,
1,0,1,1,0,1,1,1,0,1,1,1,0,1,0,1,
1,1,1,1,0,1,1,1,1,1,1,1,0,1,1,1,
1,1,0,1,1,1,0,1,0,1,1,1,1,1,0,1,
1,1,1,0,0,1,1,1,1,1,0,1,1,1,1,1,
1,0,1,0,0,1,1,1,1,1,0,0,1,1,1,1,
1,1,1,1,1,1,1,1,0,1,0,1,1,1,1,1,
1,1,0,1,0,0,1,0,0,1,0,0,1,1,1,1,
1,0,1,1,1,1,1,1,1,1,0,0,1,1,1,1,
1,1,1,1,1,1,0,1,1,0,1,0,1,1,1,0,
Process used 15 threads.
chunkSize was 2, stepSize was 1, and overlap was 1
Each chunk was of size 2 x 16
